-56,-60,-38
-55,-58,-37
-58,-57,-37
-53,-60,-38
-58,-59,-38
-56,-58,-39
-60,-58,-49
-59,-60,-50
-55,-61,-50
-59,-62,-42
-58,-59,-43
-57,-57,-42
-55,-67,-41
-56,-62,-40
-56,-62,-40
-53,-53,-39
-52,-54,-39
-51,-53,-39
-49,-59,-38
-51,-57,-38
-51,-57,-38
-51,-55,-39
-52,-55,-39
-51,-55,-39
-57,-61,-38
-55,-62,-39
-54,-64,-38
-54,-59,-42
-51,-60,-42
-55,-61,-42
-57,-59,-43
-58,-59,-43
-59,-57,-43
-51,-63,-43
-53,-59,-43
-53,-61,-43
-60,-58,-43
-61,-60,-43
-57,-59,-44
-50,-53,-42
-50,-56,-42
-49,-55,-42
-51,-65,-40
-47,-63,-40
-51,-62,-40
-43,-62,-40
-46,-63,-40
-42,-67,-40
-58,-63,-40
-58,-58,-40
-55,-63,-41
-54,-55,-45
-52,-57,-45
-53,-57,-45
-56,-57,-43
-58,-60,-43
-58,-59,-43
-58,-61,-42
-57,-62,-42
-55,-59,-42
-55,-53,-45
-52,-53,-46
-52,-54,-45
-56,-55,-40
-53,-55,-41
-55,-54,-41
-50,-59,-40
-52,-57,-40
-52,-58,-40
-53,-62,-42
-54,-63,-42
-50,-66,-42
-55,-56,-40
-52,-57,-40
-56,-58,-41
-63,-49,-56
-58,-53,-56
-64,-51,-55
-51,-44,-43
-53,-43,-43
-54,-43,-43
-55,-52,-41
-56,-53,-41
-56,-52,-42
-57,-63,-42
-59,-61,-42
-55,-63,-42
-54,-61,-43
-55,-66,-43
-54,-66,-42
-49,-56,-42
-46,-57,-42
-50,-61,-42
-47,-56,-43
-51,-55,-43
-50,-56,-43
-64,-59,-43
-59,-60,-43
-57,-59,-43
-57,-53,-47
-58,-54,-47
-59,-53,-47
-57,-59,-43
-56,-58,-44
-55,-55,-44
-55,-58,-43
-52,-58,-44
-55,-60,-43
-49,-57,-44
-49,-56,-43
-46,-57,-43
-55,-57,-43
-53,-60,-44
-57,-58,-43
-59,-62,-42
-60,-60,-44
-58,-63,-42
-54,-52,-44
-53,-52,-44
-54,-52,-43
-58,-59,-42
-55,-61,-43
-54,-60,-43
-61,-53,-45
-62,-51,-45
-61,-52,-46
-59,-54,-45
-55,-59,-45
-55,-56,-44
-53,-52,-46
-55,-53,-46
-54,-53,-48
-49,-52,-45
-49,-52,-46
-49,-52,-47
-48,-57,-45
-48,-57,-43
-48,-54,-43
-47,-51,-43
-48,-54,-43
-44,-52,-43
-49,-54,-42
-52,-54,-42
-49,-56,-42
-63,-55,-43
-65,-53,-43
-61,-52,-42
-51,-66,-42
-54,-65,-41
-50,-59,-43
-64,-58,-43
-66,-60,-45
-62,-59,-45
-55,-52,-46
-54,-52,-45
-57,-52,-45
-53,-58,-53
-54,-58,-51
-52,-60,-51
-53,-60,-46
-55,-58,-46
-55,-60,-43
-50,-55,-42
-48,-55,-42
-50,-48,-43
-47,-52,-42
-51,-54,-43
-50,-53,-41
-58,-52,-52
-55,-54,-55
-54,-50,-51
-61,-54,-43
-61,-52,-43
-58,-55,-43
-59,-58,-45
-60,-54,-44
-59,-57,-43
-58,-55,-45
-55,-55,-47
-53,-54,-44
-53,-51,-42
-58,-50,-42
-59,-49,-42
-55,-57,-42
-53,-57,-42
-59,-59,-42
-56,-52,-43
-56,-53,-43
-55,-55,-44
-51,-56,-42
-53,-58,-43
-52,-54,-42